{
 "cells": [
  {
   "cell_type": "code",
   "execution_count": 1,
   "metadata": {},
   "outputs": [],
   "source": [
    "import numpy as np"
   ]
  },
  {
   "cell_type": "code",
   "execution_count": null,
   "metadata": {},
   "outputs": [],
   "source": []
  },
  {
   "cell_type": "code",
   "execution_count": 2,
   "metadata": {},
   "outputs": [
    {
     "output_type": "execute_result",
     "data": {
      "text/plain": [
       "array([[0.47224046, 0.8270519 , 0.44129236, 0.22206656],\n",
       "       [0.5074664 , 0.86769871, 0.57384904, 0.7106918 ],\n",
       "       [0.17199031, 0.80143373, 0.19395878, 0.58309208],\n",
       "       [0.1499052 , 0.04823772, 0.06536284, 0.79355621]])"
      ]
     },
     "metadata": {},
     "execution_count": 2
    }
   ],
   "source": [
    "np.random.rand(4, 4)"
   ]
  },
  {
   "cell_type": "code",
   "execution_count": 3,
   "metadata": {},
   "outputs": [
    {
     "output_type": "execute_result",
     "data": {
      "text/plain": [
       "matrix([[0.48965526, 0.08831666, 0.43028022, 0.5603797 ],\n",
       "        [0.7239072 , 0.65842612, 0.25697713, 0.00824036],\n",
       "        [0.20466265, 0.49911583, 0.4396873 , 0.80445524],\n",
       "        [0.75599043, 0.40534206, 0.55824379, 0.26881444]])"
      ]
     },
     "metadata": {},
     "execution_count": 3
    }
   ],
   "source": [
    "randMat = np.mat(np.random.rand(4, 4))\n",
    "randMat"
   ]
  },
  {
   "cell_type": "code",
   "execution_count": 4,
   "metadata": {},
   "outputs": [
    {
     "output_type": "execute_result",
     "data": {
      "text/plain": [
       "matrix([[ 2.97874565,  1.94680463, -1.39554897, -2.09294664],\n",
       "        [-1.76152181,  0.82157333,  1.20971831,  0.02673503],\n",
       "        [-3.9579036 , -3.73096752,  0.81891288,  5.91446866],\n",
       "        [ 2.49834334,  1.03419128,  0.39997453, -2.71676102]])"
      ]
     },
     "metadata": {},
     "execution_count": 4
    }
   ],
   "source": [
    "randMat.I"
   ]
  },
  {
   "cell_type": "code",
   "execution_count": 5,
   "metadata": {},
   "outputs": [
    {
     "output_type": "execute_result",
     "data": {
      "text/plain": [
       "{'a': 123, 'b': 456}"
      ]
     },
     "metadata": {},
     "execution_count": 5
    }
   ],
   "source": [
    "a = {'a': 123, 'b': 456}\n",
    "a\n"
   ]
  },
  {
   "cell_type": "code",
   "execution_count": 6,
   "metadata": {},
   "outputs": [],
   "source": [
    "a['c'] = a.get('c', 0) + 1"
   ]
  },
  {
   "cell_type": "code",
   "execution_count": 7,
   "metadata": {},
   "outputs": [
    {
     "output_type": "execute_result",
     "data": {
      "text/plain": [
       "{'a': 123, 'b': 456, 'c': 1}"
      ]
     },
     "metadata": {},
     "execution_count": 7
    }
   ],
   "source": [
    "a"
   ]
  },
  {
   "cell_type": "code",
   "execution_count": 8,
   "metadata": {},
   "outputs": [],
   "source": [
    "import torch"
   ]
  },
  {
   "cell_type": "code",
   "execution_count": 9,
   "metadata": {},
   "outputs": [
    {
     "output_type": "execute_result",
     "data": {
      "text/plain": [
       "tensor([[1., 1.],\n",
       "        [1., 1.],\n",
       "        [1., 1.]])"
      ]
     },
     "metadata": {},
     "execution_count": 9
    }
   ],
   "source": [
    "torch.ones(3, 2)"
   ]
  }
 ],
 "metadata": {
  "kernelspec": {
   "display_name": "Python 3",
   "language": "python",
   "name": "python3"
  },
  "language_info": {
   "codemirror_mode": {
    "name": "ipython",
    "version": 3
   },
   "file_extension": ".py",
   "mimetype": "text/x-python",
   "name": "python",
   "nbconvert_exporter": "python",
   "pygments_lexer": "ipython3",
   "version": "3.8.2-final"
  },
  "toc-autonumbering": false,
  "toc-showcode": false,
  "toc-showmarkdowntxt": false
 },
 "nbformat": 4,
 "nbformat_minor": 4
}