{
 "cells": [
  {
   "cell_type": "code",
   "execution_count": 3,
   "metadata": {},
   "outputs": [],
   "source": [
    "import numpy as np"
   ]
  },
  {
   "cell_type": "code",
   "execution_count": null,
   "metadata": {},
   "outputs": [],
   "source": []
  },
  {
   "cell_type": "code",
   "execution_count": 4,
   "metadata": {},
   "outputs": [
    {
     "data": {
      "text/plain": [
       "array([[0.4116018 , 0.49717758, 0.2241289 , 0.48932252],\n",
       "       [0.06982534, 0.36942859, 0.14217619, 0.47288416],\n",
       "       [0.44544579, 0.67636883, 0.19779247, 0.25745419],\n",
       "       [0.20214609, 0.28991353, 0.90767379, 0.76290081]])"
      ]
     },
     "execution_count": 4,
     "metadata": {},
     "output_type": "execute_result"
    }
   ],
   "source": [
    "np.random.rand(4, 4)"
   ]
  },
  {
   "cell_type": "code",
   "execution_count": 6,
   "metadata": {},
   "outputs": [
    {
     "data": {
      "text/plain": [
       "matrix([[0.71954838, 0.60376364, 0.09621383, 0.59500206],\n",
       "        [0.15425511, 0.74406072, 0.68289616, 0.47236424],\n",
       "        [0.76332293, 0.34034367, 0.95666786, 0.67325095],\n",
       "        [0.56240511, 0.28699318, 0.40934704, 0.26348588]])"
      ]
     },
     "execution_count": 6,
     "metadata": {},
     "output_type": "execute_result"
    }
   ],
   "source": [
    "randMat = np.mat(np.random.rand(4, 4))\n",
    "randMat"
   ]
  },
  {
   "cell_type": "code",
   "execution_count": 7,
   "metadata": {},
   "outputs": [
    {
     "data": {
      "text/plain": [
       "matrix([[ 0.10611903, -0.84193393, -0.50378236,  2.55698862],\n",
       "        [ 0.10976688,  1.33247993, -1.77872373,  1.9082618 ],\n",
       "        [-1.28389025,  0.48830683,  0.43005014,  0.92500972],\n",
       "        [ 1.64856062, -0.4128937 ,  2.3446099 , -5.17815825]])"
      ]
     },
     "execution_count": 7,
     "metadata": {},
     "output_type": "execute_result"
    }
   ],
   "source": [
    "randMat.I"
   ]
  },
  {
   "cell_type": "code",
   "execution_count": 1,
   "metadata": {},
   "outputs": [
    {
     "data": {
      "text/plain": [
       "{'a': 123, 'b': 456}"
      ]
     },
     "execution_count": 1,
     "metadata": {},
     "output_type": "execute_result"
    }
   ],
   "source": [
    "a = {'a': 123, 'b': 456}\n",
    "a\n"
   ]
  },
  {
   "cell_type": "code",
   "execution_count": 3,
   "metadata": {},
   "outputs": [],
   "source": [
    "a['c'] = a.get('c', 0) + 1"
   ]
  },
  {
   "cell_type": "code",
   "execution_count": 4,
   "metadata": {},
   "outputs": [
    {
     "data": {
      "text/plain": [
       "{'a': 123, 'b': 456, 'c': 1}"
      ]
     },
     "execution_count": 4,
     "metadata": {},
     "output_type": "execute_result"
    }
   ],
   "source": [
    "a"
   ]
  },
  {
   "cell_type": "code",
   "execution_count": null,
   "metadata": {},
   "outputs": [],
   "source": []
  }
 ],
 "metadata": {
  "kernelspec": {
   "display_name": "Python 3.8.3 64-bit ('env')",
   "language": "python",
   "name": "python38364bitenv2bb603a60cc04a168ee3b2981625dd83"
  },
  "language_info": {
   "codemirror_mode": {
    "name": "ipython",
    "version": 3
   },
   "file_extension": ".py",
   "mimetype": "text/x-python",
   "name": "python",
   "nbconvert_exporter": "python",
   "pygments_lexer": "ipython3",
   "version": "3.8.3"
  },
  "toc-autonumbering": false,
  "toc-showcode": false,
  "toc-showmarkdowntxt": false
 },
 "nbformat": 4,
 "nbformat_minor": 4
}
